1 10 1937 2001
1 2 0010 0030
1 3 0010 0800
2 40 0005 0010
1 20 46 110
1 90 1813 1877
1 58 323 387
2 87 746 810
3 28 167 231
3 1 2181 2245
3 73 1291 1355
3 2 817 881
3 93 1141 1205
4 2 1295 1359
4 37 1581 1645
4 3 1159 1223
4 58 2171 2235
4 39 1295 1359
5 54 883 947
5 14 601 665
5 7 881 945
5 4 1646 1710
5 47 24 88
5 95 290 354
5 44 2087 2151
5 26 683 747
6 3 954 1018
6 91 962 1026
6 21 1742 1806
6 47 1863 1927
6 96 1721 1785
6 88 951 1015
6 20 496 560
7 1 2109 2173
7 27 1639 1703
7 38 1058 1122
7 0 795 859
7 32 685 749
8 2 1273 1337
8 1 1456 1520
8 36 1526 1590
9 86 74 138
9 95 2021 2085
9 11 1804 1868
9 66 129 193
9 97 1060 1124
10 8 1965 2029
10 56 1210 1274
10 22 391 455
11 18 1886 1950
11 56 1445 1509
11 17 893 957
11 84 2119 2183
11 24 1021 1085
11 0 1264 1328
11 76 1958 2022
12 43 1266 1330
12 3 1128 1192
12 96 1256 1320
12 37 1319 1383
12 76 1019 1083
13 61 114 178
13 2 1610 1674
14 9 1915 1979
14 6 1814 1878
14 10 0 64
14 71 544 608
14 12 141 205
14 32 521 585
14 25 897 961
15 42 419 483
15 20 1628 1692
15 50 2003 2067
15 72 46 110
15 13 778 842
15 55 112 176
15 77 1780 1844
15 1 2015 2079
16 67 557 621
16 80 307 371
16 0 1516 1580
16 8 228 292
16 6 282 346
16 27 750 814
16 33 195 259
17 43 459 523
17 56 1159 1223
17 60 984 1048
17 20 1914 1978
17 57 1666 1730
18 55 382 446
18 2 1027 1091
18 54 534 598
18 8 60 124
18 40 552 616
18 57 1835 1899
18 13 1073 1137
19 53 1831 1895
19 17 1225 1289
19 93 803 867
19 63 41 105
19 14 510 574
19 12 1284 1348
20 81 1874 1938
20 7 439 503
20 8 911 975
20 53 1276 1340
20 88 458 522
21 9 1431 1495
21 16 1506 1570
21 43 1957 2021
21 1 1760 1824
22 0 1468 1532
22 10 2022 2086
22 2 1809 1873
22 11 1155 1219
23 5 1488 1552
24 95 1684 1748
24 59 1966 2030
24 0 198 262
25 14 330 394
25 19 1349 1413
25 32 285 349
26 20 1658 1722
26 19 909 973
26 28 31 95
26 15 784 848
26 16 321 385
27 26 1200 1264
27 57 799 863
27 15 297 361
27 21 398 462
27 199 1623 1687
27 31 443 507
27 17 1039 1103
28 74 87 151
28 23 206 270
29 37 1361 1425
29 16 142 206
29 0 481 545
29 4 1005 1069
29 10 869 933
29 64 858 922
29 57 614 678
30 199 878 942
30 18 796 860
30 11 1302 1366
30 27 1366 1430
31 94 221 285
31 61 1933 1997
31 65 2057 2121
31 0 523 587
31 23 1246 1310
31 96 1904 1968
31 4 231 295
31 22 335 399
32 72 627 691
32 71 244 308
32 6 753 817
32 68 641 705
32 18 364 428
32 29 1122 1186
33 6 110 174
33 24 1929 1993
33 17 1730 1794
33 9 139 203
33 30 1779 1843
33 34 1095 1159
34 21 836 900
34 82 365 429
34 29 720 784
34 30 1053 1117
34 85 170 234
35 1 1951 2015
35 85 990 1054
35 91 1558 1622
35 77 1795 1859
36 82 582 646
36 62 744 808
36 59 96 160
36 83 1075 1139
36 9 1421 1485
36 22 903 967
36 30 2075 2139
37 42 207 271
37 20 1793 1857
37 82 1112 1176
37 44 824 888
37 45 299 363
38 68 1988 2052
38 93 1513 1577
38 29 1005 1069
38 17 881 945
39 1 1757 1821
39 19 2127 2191
39 4 1669 1733
39 57 1542 1606
39 17 1343 1407
39 75 604 668
40 0 708 772
40 30 100 164
40 23 753 817
40 6 433 497
40 18 375 439
41 44 1995 2059
41 52 1365 1429
41 25 1580 1644
41 64 447 511
42 54 1308 1372
42 22 142 206
42 16 1887 1951
42 0 406 470
42 20 185 249
42 96 772 836
43 20 975 1039
43 49 1194 1258
43 50 1602 1666
44 20 1303 1367
44 51 1368 1432
44 10 267 331
44 29 1988 2052
44 75 1154 1218
44 59 1106 1170
44 84 610 674
44 55 529 593
44 64 1074 1138
45 96 997 1061
45 49 1791 1855
45 11 651 715
45 47 141 205
46 66 1473 1537
46 60 1472 1536
46 20 1451 1515
46 92 1937 2001
46 24 1950 2014
47 95 2022 2086
47 35 1138 1202
47 4 1453 1517
47 6 1223 1287
48 5 1973 2037
48 31 1302 1366
48 2 1866 1930
48 56 770 834
48 3 1437 1501
48 82 506 570
49 4 1282 1346
49 86 545 609
49 84 305 369
49 41 1663 1727
49 52 495 559
50 83 1890 1954
50 92 619 683
50 9 93 157
50 36 983 1047
50 77 412 476
50 68 1034 1098
50 34 2152 2216
51 73 1628 1692
51 91 1005 1069
51 49 905 969
52 21 236 300
52 63 563 627
52 13 180 244
52 23 703 767
52 89 811 875
52 29 1308 1372
53 63 1545 1609
53 32 2102 2166
53 64 816 880
53 74 375 439
53 94 1286 1350
53 44 914 978
53 10 998 1062
54 96 949 1013
54 75 1230 1294
54 67 806 870
54 43 1355 1419
54 97 1147 1211
54 4 1463 1527
54 98 624 688
55 14 350 414
55 22 2138 2202
55 77 1544 1608
55 94 2039 2103
55 84 920 984
55 97 1566 1630
55 59 748 812
55 27 39 103
55 17 1235 1299
55 60 2076 2140
55 58 1199 1263
55 1 1449 1513
55 52 596 660
56 85 595 659
56 23 1552 1616
56 8 1812 1876
57 91 1186 1250
57 66 932 996
57 54 1256 1320
58 79 2078 2142
58 67 43 107
58 74 481 545
58 70 1057 1121
58 87 776 840
59 71 1503 1567
59 29 743 807
59 18 749 813
59 23 1618 1682
59 36 927 991
61 31 851 915
61 57 42 106
61 94 1033 1097
62 31 456 520
62 58 2059 2123
62 29 551 615
62 14 502 566
62 87 472 536
62 69 699 763
62 84 1000 1064
63 199 1647 1711
63 58 1837 1901
63 29 1393 1457
63 42 2093 2157
63 7 1133 1197
63 15 2141 2205
63 30 517 581
64 17 1347 1411
64 56 136 200
64 25 1806 1870
64 5 554 618
64 16 1755 1819
64 23 994 1058
64 85 1989 2053
65 71 508 572
65 93 1344 1408
65 47 2023 2087
66 68 1850 1914
66 2 43 107
66 20 1513 1577
66 75 1740 1804
66 36 2161 2225
66 35 1341 1405
67 91 77 141
67 2 1402 1466
67 83 15 79
67 76 1396 1460
67 36 851 915
67 79 613 677
67 27 2046 2110
68 97 10 74
68 94 1176 1240
68 36 1273 1337
68 78 2090 2154
69 13 1636 1700
69 16 2128 2192
69 71 581 645
69 7 372 436
69 91 407 471
69 3 994 1058
69 92 1635 1699
69 10 558 622
70 60 1666 1730
70 94 2142 2206
70 26 2113 2177
70 41 72 136
70 56 1901 1965
70 5 263 327
71 91 855 919
71 70 662 726
71 78 1326 1390
71 6 2050 2114
71 32 1356 1420
71 52 220 284
71 59 358 422
71 88 1246 1310
72 97 195 259
72 48 665 729
72 6 1332 1396
72 93 663 727
72 88 317 381
73 84 511 575
73 12 65 129
73 8 949 1013
73 92 1704 1768
73 66 496 560
73 94 968 1032
74 20 1800 1864
74 72 1280 1344
74 13 680 744
75 2 1764 1828
75 93 2060 2124
75 92 1760 1824
76 81 2070 2134
76 97 976 1040
76 89 331 395
76 30 468 532
76 49 1991 2055
76 85 696 760
76 46 1183 1247
76 48 2043 2107
76 78 1473 1537
76 35 1713 1777
77 36 830 894
77 16 1622 1686
77 23 1295 1359
77 27 1624 1688
77 68 374 438
78 15 1954 2018
78 30 831 895
78 86 831 895
78 53 479 543
78 56 617 681
78 84 1227 1291
78 23 1495 1559
79 4 429 493
79 90 1690 1754
79 84 25 89
79 34 1159 1223
79 83 2157 2221
80 28 1056 1120
80 76 397 461
80 99 352 416
80 30 1823 1887
80 72 1489 1553
80 88 2138 2202
80 83 748 812
80 48 1446 1510
81 43 1639 1703
81 36 2106 2170
82 90 1645 1709
82 72 165 229
82 38 1483 1547
82 7 179 243
83 97 1685 1749
83 85 1953 2017
83 25 629 693
83 96 2116 2180
83 84 938 1002
83 86 64 128
84 11 1893 1957
84 30 112 176
84 94 416 480
85 33 2185 2249
86 90 890 954
86 37 1816 1880
86 53 1880 1944
86 93 1488 1552
86 87 1280 1344
86 27 827 891
87 96 56 120
87 59 583 647
87 21 1261 1325
87 51 232 296
87 55 1070 1134
87 97 1623 1687
87 11 1715 1779
87 199 1309 1373
88 60 676 740
88 14 2085 2149
88 96 2144 2208
88 99 361 425
88 91 151 215
89 77 344 408
90 32 430 494
90 66 2035 2099
90 98 226 290
90 88 1093 1157
90 53 1748 1812
90 99 1121 1185
90 27 512 576
91 99 900 964
91 54 5 69
91 0 425 489
91 96 1504 1568
91 60 1118 1182
92 99 314 378
92 93 1077 1141
92 47 13 77
92 96 27 91
92 4 2149 2213
93 94 862 926
93 76 1408 1472
93 74 371 435
94 99 1894 1958
94 98 338 402
94 95 274 338
94 90 1863 1927
95 27 1341 1405
95 23 1957 2021
95 99 2165 2229
95 2 1505 1569
96 97 130 194
96 199 1764 1828
97 15 1674 1738
97 9 345 409
98 199 1362 1426
98 55 1280 1344
98 78 1117 1181
98 16 620 684
99 1 954 1018
99 78 229 293
99 4 1545 1609
99 82 372 436
199 16 1921 1985
199 42 2197 2261
199 43 1075 1139
199 24 1265 1329
199 38 1104 1168
199 11 737 801
199 22 2177 2241
